<?xml version="1.0"?>
<opencv_storage>
<camera_left>
  <intrinsic_parameters>
    <fx>2.9155713693356824e+003</fx>
    <fy>2.9161034467889631e+003</fy>
    <cx>7.8843562210056371e+002</cx>
    <cy>6.2223986919512038e+002</cy></intrinsic_parameters>
  <distcoffes>
    <k1>-7.8541168117164148e-002</k1>
    <k2>6.2719400917609125e-001</k2>
    <k3>1.0643385529419110e-003</k3>
    <k4>-1.8750100089836351e-003</k4>
    <k5>0.</k5></distcoffes></camera_left>
<camera_right>
  <intrinsic_parameters>
    <fx>2.9032583854317700e+003</fx>
    <fy>2.9041117476133654e+003</fy>
    <cx>7.9802318780796475e+002</cx>
    <cy>6.2408451462208814e+002</cy></intrinsic_parameters>
  <distcoffes>
    <k1>-5.9019896751722901e-002</k1>
    <k2>3.5493328173385724e-001</k2>
    <k3>7.6216299404091787e-004</k3>
    <k4>6.0035828830421790e-004</k4>
    <k5>0.</k5></distcoffes></camera_right>
<R>
  <R1>6.5586257820814331e-001</R1>
  <R2>2.9749926688225079e-003</R2>
  <R3>7.5487444513957913e-001</R3>
  <R4>-4.2557963613374271e-003</R4>
  <R5>9.9999091443186305e-001</R5>
  <R6>-2.4341540057609538e-004</R6>
  <R7>-7.5486831083540518e-001</R7>
  <R8>-3.0529448646942252e-003</R8>
  <R9>6.5586928028697544e-001</R9></R>
<T>
  <T1>-2.8192080589014517e+002</T1>
  <T2>1.1963534354296210e+000</T2>
  <T3>1.2937032573170697e+002</T3></T>
</opencv_storage>
